S2 + S2 -> S0 + S1; k1*S2*S2
S1 -> S2; k2*S1
k1 = 13.433353511018296
k2 = 0.871345105560361
S0 = 1.0
S1 = 5.0
S2 = 9.0

#fitness: 0.008120290161286235