S2 -> S1; k1*S2
S0 + S1 -> S0; k2*S0*S1
S1 -> S1; k3*S1
k1 = 31.959470481875037
k2 = 0.7897760283775866
k3 = 1.193523268535702
S0 = 1.0
S1 = 5.0
S2 = 9.0

#fitness: 0.00826998757231538