S2 -> S1; k1*S2
S0 + S1 -> S0; k2*S0*S1
S1 -> S1; k3*S1
k1 = 27.464116267605945
k2 = 0.4551149198954696
k3 = 1.0186234017019946
S0 = 1.0
S1 = 5.0
S2 = 9.0

#fitness: 0.008176802268792051