S2 -> S0 + S0; k1*S2
S0 + S2 -> S0 + S1; k2*S0*S2
S1 -> S0 + S2; k3*S1
k1 = 15.384620595601394
k2 = 5.2968470790790585
k3 = 11.257428119987154
S0 = 1.0
S1 = 5.0
S2 = 9.0

#fitness: 0.008124477486870148