S0 + S2 -> S0 + S1; k1*S0*S2
S1 -> S0; k2*S1
S2 -> S1 + S2; k3*S2
k1 = 14.915473706761192
k2 = 1.590293373445053
k3 = 59.44941263550194
S0 = 1.0
S1 = 5.0
S2 = 9.0

#fitness: 0.009015820252532425