S1 -> S0; k1*S1
S2 -> S1 + S2; k2*S2
S2 -> S0 + S1; k3*S2
k1 = 7.282211796230001
k2 = 36.35060917158771
k3 = 2.024221166976888
S0 = 1.0
S1 = 5.0
S2 = 9.0

#fitness: 0.008623878316301372