S1 -> S0; k1*S1
S2 -> S1 + S2; k2*S2
S2 -> S0 + S1; k3*S2
k1 = 8.480811927858117
k2 = 44.57412723131738
k3 = 2.024221166976888
S0 = 1.0
S1 = 5.0
S2 = 9.0

#fitness: 0.008747453936890859