S0 + S2 -> S1 + S2; k1*S0*S2
S0 + S1 -> S2; k2*S0*S1
S1 + S2 -> S1; k3*S1*S2
k1 = 16.454427051622577
k2 = 7.24247208538385
k3 = 12.180302297703527
S0 = 1.0
S1 = 5.0
S2 = 9.0

#fitness: 0.008000047552417247