S0 + S2 -> S0 + S1; k1*S0*S2
S0 -> S2 + S2; k2*S0
S1 -> S2 + S2; k3*S1
k1 = 10.812534166695425
k2 = 7.355053498933945
k3 = 1.0068382955812998
S0 = 1.0
S1 = 5.0
S2 = 9.0

#fitness: 0.008150478517539944