S0 + S2 -> S0 + S1; k1*S0*S2
S0 -> S2 + S2; k2*S0
S1 -> S2 + S2; k3*S1
k1 = 10.812534166695425
k2 = 6.746151471181617
k3 = 1.0650084451973412
S0 = 1.0
S1 = 5.0
S2 = 9.0

#fitness: 0.008151540057355872