S1 + S2 -> S0 + S2; k1*S1*S2
S2 + S2 -> S1 + S2; k2*S2*S2
S0 + S0 -> S2; k3*S0*S0
k1 = 1.2440841044001478
k2 = 8.714991883922243
k3 = 19.718448613763496
S0 = 1.0
S1 = 5.0
S2 = 9.0

#fitness: 0.008133309707031447