S1 + S2 -> S0 + S2; k1*S1*S2
S2 + S2 -> S1 + S2; k2*S2*S2
S0 + S0 -> S2; k3*S0*S0
k1 = 1.2440841044001478
k2 = 6.665641750315609
k3 = 21.134385602558233
S0 = 1.0
S1 = 5.0
S2 = 9.0

#fitness: 0.008142916914370121