S1 -> S0 + S1; k1*S1
S1 + S2 -> S0 + S2; k2*S1*S2
S2 + S2 -> S1; k3*S2*S2
k1 = 1.3143691703352585
k2 = 5.637640887838378
k3 = 25.47362752177369
S0 = 1.0
S1 = 5.0
S2 = 9.0

#fitness: 0.008051131621638525