S1 + S2 -> S0 + S2; k1*S1*S2
S2 + S2 -> S1; k2*S2*S2
k1 = 4.92748836109109
k2 = 22.454917856589546
S0 = 1.0
S1 = 5.0
S2 = 9.0

#fitness: 0.008053535857973821