S1 -> S0 + S1; k1*S1
S1 + S2 -> S0 + S2; k2*S1*S2
S2 + S2 -> S1; k3*S2*S2
k1 = 8.368730432691573
k2 = 4.92748836109109
k3 = 22.30343285000444
S0 = 1.0
S1 = 5.0
S2 = 9.0

#fitness: 0.008053862044747121