S1 -> S0 + S0; k1*S1
S2 -> S1 + S1; k2*S2
k1 = 1.559921675144914
k2 = 12.013737311621968
S0 = 1.0
S1 = 5.0
S2 = 9.0

#fitness: 0.008229547638003536