S0 + S0 -> S0; k1*S0*S0
S1 -> S0 + S0; k2*S1
S2 -> S1 + S1; k3*S2
k1 = 8.766193968489695
k2 = 1.559921675144914
k3 = 12.013737311621968
S0 = 1.0
S1 = 5.0
S2 = 9.0

#fitness: 0.00822962227791272