S2 -> S0 + S0; k1*S2
S2 + S2 -> S1; k2*S2*S2
S0 + S1 -> S2 + S2; k3*S0*S1
k1 = 6.964016593196422
k2 = 12.73012876081944
k3 = 14.209828435689833
S0 = 1.0
S1 = 5.0
S2 = 9.0

#fitness: 0.008113072385333455