S2 -> S1 + S2; k1*S2
S2 -> S1; k2*S2
S0 + S1 -> S0; k3*S0*S1
k1 = 11.282816450707513
k2 = 10.668542135477598
k3 = 1.1981425487408126
S0 = 1.0
S1 = 5.0
S2 = 9.0

#fitness: 0.008329717129721909