S2 -> S1 + S2; k1*S2
S2 -> S1; k2*S2
S0 + S1 -> S0; k3*S0*S1
k1 = 14.045561793885161
k2 = 12.722645377827549
k3 = 1.3172235078734171
S0 = 1.0
S1 = 5.0
S2 = 9.0

#fitness: 0.00841066273699304