S1 + S1 -> S2; k1*S1*S1
S0 + S2 -> S1; k2*S0*S2
S2 -> S0 + S1; k3*S2
k1 = 0.09149953046987014
k2 = 8.352413031221442
k3 = 27.51423293571441
S0 = 1.0
S1 = 5.0
S2 = 9.0

#fitness: 0.008251646182577189