S0 + S0 -> S1 + S2; k1*S0*S0
S2 -> S0 + S1; k2*S2
S0 + S1 -> S0; k3*S0*S1
k1 = 15.9428331285055
k2 = 26.73143131983751
k3 = 5.01641043765691
S0 = 1.0
S1 = 5.0
S2 = 9.0

#fitness: 0.008303015720322724