S2 -> S2; k1*S2
S2 -> S2 + S2; k2*S2
S1 -> S1 + S2; k3*S1
k1 = 5.143622577442172
k2 = 1.0947596968501156
k3 = 14.091387892418817
S0 = 1.0
S1 = 5.0
S2 = 9.0

#fitness: 0.008