S1 + S1 -> S1; k1*S1*S1
S1 -> S0 + S2; k2*S1
S2 -> S1 + S1; k3*S2
k1 = 0.41187418761188804
k2 = 2.235087285406829
k3 = 17.214156245501208
S0 = 1.0
S1 = 5.0
S2 = 9.0

#fitness: 0.008298322038567195