S1 + S1 -> S1; k1*S1*S1
S1 -> S0 + S2; k2*S1
S2 -> S1 + S1; k3*S2
k1 = 0.490729742041674
k2 = 2.235087285406829
k3 = 19.953141238007397
S0 = 1.0
S1 = 5.0
S2 = 9.0

#fitness: 0.008326053024970368