S1 + S1 -> S1; k1*S1*S1
S1 -> S0 + S2; k2*S1
S2 -> S1 + S1; k3*S2
k1 = 0.48301347636549213
k2 = 2.235087285406829
k3 = 20.319378875050475
S0 = 1.0
S1 = 5.0
S2 = 9.0

#fitness: 0.008327465972358452