S0 -> S0 + S2; k1*S0
S2 + S2 -> S1; k2*S2*S2
S0 + S1 -> S0; k3*S0*S1
k1 = 3.6673792978177673
k2 = 16.725345011678172
k3 = 0.7638484695095857
S0 = 1.0
S1 = 5.0
S2 = 9.0

#fitness: 0.008131414014487214