S0 + S1 -> S0 + S1; k1*S0*S1
S2 + S2 -> S1 + S2; k2*S2*S2
S0 + S1 -> S0; k3*S0*S1
k1 = 6.133549939046825
k2 = 27.397473525541614
k3 = 0.7576140204389762
S0 = 1.0
S1 = 5.0
S2 = 9.0

#fitness: 0.008258098499072719