S0 -> S0 + S2; k1*S0
S2 + S2 -> S1; k2*S2*S2
S0 + S1 -> S0; k3*S0*S1
k1 = 3.6673792978177673
k2 = 21.20084361906779
k3 = 0.7742437614456891
S0 = 1.0
S1 = 5.0
S2 = 9.0

#fitness: 0.008133772723995856