S2 + S2 -> S1 + S2; k1*S2*S2
S0 + S1 -> S0; k2*S0*S1
S1 -> S1; k3*S1
k1 = 11.092142973772381
k2 = 0.7576140204389762
k3 = 1.7100619507766202
S0 = 1.0
S1 = 5.0
S2 = 9.0

#fitness: 0.008241401861187932