S0 -> S0 + S2; k1*S0
S2 + S2 -> S1; k2*S2*S2
S0 + S1 -> S0; k3*S0*S1
k1 = 7.232143311445041
k2 = 14.101702745646849
k3 = 0.8630460282855064
S0 = 1.0
S1 = 5.0
S2 = 9.0

#fitness: 0.008102287819453111