S1 + S2 -> S2; k1*S1*S2
S2 + S2 -> S1; k2*S2*S2
k1 = 4.529414866076604
k2 = 21.75955249833357
S0 = 1.0
S1 = 5.0
S2 = 9.0

#fitness: 0.00805158622702347