S1 + S2 -> S2; k1*S1*S2
S2 + S2 -> S1; k2*S2*S2
k1 = 5.083573235349871
k2 = 21.75955249833357
S0 = 1.0
S1 = 5.0
S2 = 9.0

#fitness: 0.00804111737001172