S0 + S2 -> S0 + S1; k1*S0*S2
S1 -> S0 + S0; k2*S1
S2 -> S1 + S1; k3*S2
k1 = 1.7825283299596548
k2 = 0.9974219002234485
k3 = 24.77667015591127
S0 = 1.0
S1 = 5.0
S2 = 9.0

#fitness: 0.008485327167621952