S0 + S2 -> S0 + S1; k1*S0*S2
S1 -> S0 + S0; k2*S1
S2 -> S1 + S1; k3*S2
k1 = 1.5320236975965522
k2 = 0.9974219002234485
k3 = 27.68762670358444
S0 = 1.0
S1 = 5.0
S2 = 9.0

#fitness: 0.008496448203697514