S0 + S2 -> S0 + S1; k1*S0*S2
S1 -> S0 + S0; k2*S1
S2 -> S1 + S1; k3*S2
k1 = 1.5320236975965522
k2 = 1.1759485022185456
k3 = 31.21730287084992
S0 = 1.0
S1 = 5.0
S2 = 9.0

#fitness: 0.008545149654909523