S0 + S2 -> S0 + S1; k1*S0*S2
S1 -> S0 + S0; k2*S1
S2 -> S1 + S1; k3*S2
k1 = 1.6085436333215402
k2 = 0.84025680122366
k3 = 14.115151495898957
S0 = 1.0
S1 = 5.0
S2 = 9.0

#fitness: 0.008348855040747739