S0 -> S1 + S2; k1*S0
S2 -> S2 + S2; k2*S2
S0 + S2 -> S0 + S0; k3*S0*S2
k1 = 13.314266341255943
k2 = 13.536131704848408
k3 = 1.4647192500744763
S0 = 1.0
S1 = 5.0
S2 = 9.0

#fitness: 0.008647378752722472