S0 + S2 -> S0; k1*S0*S2
S2 -> S1 + S2; k2*S2
S0 + S1 -> S0; k3*S0*S1
k1 = 14.088868049930813
k2 = 30.76785341602705
k3 = 1.3296296156144194
S0 = 1.0
S1 = 5.0
S2 = 9.0

#fitness: 0.008455689291901271