S0 + S2 -> S0; k1*S0*S2
S2 -> S1 + S2; k2*S2
S0 + S1 -> S0; k3*S0*S1
k1 = 14.05187594778682
k2 = 53.461089362377194
k3 = 1.411556134579411
S0 = 1.0
S1 = 5.0
S2 = 9.0

#fitness: 0.008747911573674865