S0 + S2 -> S0 + S1; k1*S0*S2
S1 -> S0; k2*S1
S2 -> S1 + S2; k3*S2
k1 = 13.550939821794955
k2 = 1.6060619122302733
k3 = 55.76824685060238
S0 = 1.0
S1 = 5.0
S2 = 9.0

#fitness: 0.009008671029876793