S0 + S2 -> S0 + S1; k1*S0*S2
S1 -> S0; k2*S1
S2 -> S1 + S2; k3*S2
k1 = 13.086064359577687
k2 = 1.6060619122302733
k3 = 55.65809765450218
S0 = 1.0
S1 = 5.0
S2 = 9.0

#fitness: 0.008993173347961524