S0 + S2 -> S0 + S1; k1*S0*S2
S1 -> S0; k2*S1
S2 -> S1 + S2; k3*S2
k1 = 11.969728697102314
k2 = 1.6060619122302733
k3 = 51.90595589976724
S0 = 1.0
S1 = 5.0
S2 = 9.0

#fitness: 0.008997090192757169