S1 -> S0 + S0; k1*S1
S2 -> S1; k2*S2
k1 = 0.8373552372487131
k2 = 15.705897280371024
S0 = 1.0
S1 = 5.0
S2 = 9.0

#fitness: 0.008216073505691349