S1 -> S0 + S0; k1*S1
S2 -> S1 + S1; k2*S2
S2 -> S1; k3*S2
k1 = 0.8907321637671695
k2 = 4.717120023749619
k3 = 8.639643543942539
S0 = 1.0
S1 = 5.0
S2 = 9.0

#fitness: 0.008241007680647356