S0 + S2 -> S1; k1*S0*S2
S1 -> S0 + S0; k2*S1
S2 -> S1 + S1; k3*S2
k1 = 0.9169134502477289
k2 = 1.1153904074618224
k3 = 20.8988519026333
S0 = 1.0
S1 = 5.0
S2 = 9.0

#fitness: 0.008489380028797289