S1 -> S0; k1*S1
S2 -> S0 + S1; k2*S2
S2 -> S1 + S1; k3*S2
k1 = 0.5129486281719903
k2 = 10.937343009631325
k3 = 12.250176965423991
S0 = 1.0
S1 = 5.0
S2 = 9.0

#fitness: 0.008239320240310039